Ex 1

1.1 

>> ones = ones(3,3)
ones =

   1   1   1
   1   1   1
   1   1   1

>> zeros = zeros(8,1)
zeros =

   0
   0
   0
   0
   0
   0
   0
   0

>> A = zeros(5,2)
A =

   0   0
   0   0
   0   0
   0   0
   0   0

>> A(:,1:end) = 0.37
A =

   0.37000   0.37000
   0.37000   0.37000
   0.37000   0.37000
   0.37000   0.37000
   0.37000   0.37000

1.2

n = m(1:2, [1 3])
n =

   1   3
   2   5

>> n = m(1:2, [1, 3])
n =

   1   3
   2   5

>> n = m([1,2], [1, 3])
n =

   1   3
   2   5

>> n = m([1,2], [1:2:3])
n =

   1   3
   2   5

1.3

>> A = [1, 2, 3; 2, 1, 5; 4, 6, 4; 2, 3, 2]
A =

   1   2   3
   2   1   5
   4   6   4
   2   3   2

>>
>> a = A(:,2)
a =

   2
   1
   6
   3

>>
>> [b,idx] = sort(a,'descend')
b =

   6
   3
   2
   1

idx =

   3
   4
   1
   2

>>
>> B = A(idx,:)
B =

   4   6   4
   2   3   2
   1   2   3
   2   1   5

1.4



